Dr_T's Bubble ASC Time
Start: 0.000173
End: 0.018678

